CER: 0.07445014268159866
WER: 0.15087537467479706

with timewise